CAMERA ARM CALIBRATION SUMMARY
Created: 2026-02-23 16:01:02
Mode:    mono

Joint order: [j1_base, j2_shoulder, j3_elbow, j4_forearm_roll, j5_wrist, j6_wrist_roll]

POSE: resting
  LEFT: target=[0.0, 0.0, 0.0, 0.0, 0.0, 0.0]  feature=[0.0, 0.0, 0.0, 0.0, 0.0, 0.0]
  RIGHT: target=[0.0, 0.0, 0.0, 0.0, 0.0, 0.0]  feature=[0.0, 0.0, 0.0, 0.0, 0.0, 0.0]

POSE: arms_forward
  LEFT: target=[0.0, 0.5, 0.0, 0.0, 0.0, 0.0]  feature=[0.17098798606440502, -1.2778506726956054, -0.3907128655615213, -0.5927623757737146, -0.5418162298815368, 0.06412347662027457]
  RIGHT: target=[0.0, 0.5, 0.0, 0.0, 0.0, 0.0]  feature=[-0.28630390513322, -1.2601624181988138, -0.3983706260240745, 0.06437645923482752, -0.7834783068903517, -0.04794129127281735]

POSE: arms_up
  LEFT: target=[0.0, 1.0, 0.0, 0.0, 0.0, 0.0]  feature=[0.13371885719980017, -1.4235436962673118, -0.1962017783532954, -0.7103153378188443, -0.5087450131435417, 0.07217405845266074]
  RIGHT: target=[0.0, 1.0, 0.0, 0.0, 0.0, 0.0]  feature=[-0.32017869066383736, -1.4820207078481227, 0.06626554342505148, 0.221024219898829, -0.8904121373284042, 0.055472413330749835]

POSE: elbows_bent_90
  LEFT: target=[0.0, 0.2, 0.6, 0.0, 0.0, 0.0]  feature=[0.45013553941590345, -0.3254342378115339, -0.28599706078273096, -0.26169111819002555, -0.27264235251862556, -0.19586179095132392]
  RIGHT: target=[0.0, 0.2, 0.6, 0.0, 0.0, 0.0]  feature=[-0.3565052932386235, -0.36134984846322754, -0.28555558068395787, -0.03863879308328186, -0.4650362504644389, -0.02177348115889455]

POSE: arms_crossed
  LEFT: target=[-0.5, 0.3, 0.7, 0.0, 0.0, 0.0]  feature=[-0.17830238448092633, -0.7532511799970029, -0.2638176406378647, -0.1243465354410328, -0.632418476779029, 0.23497486823472086]
  RIGHT: target=[0.5, 0.3, 0.7, 0.0, 0.0, 0.0]  feature=[0.2731581512319944, -0.7573616559756488, 0.1651751267122392, -0.6005395976080744, -0.5142747386728186, -0.45326505926255195]

POSE: arms_wide
  LEFT: target=[-0.8, 0.0, 0.0, 0.0, 0.0, 0.0]  feature=[0.8442275810395882, -0.5319762783000507, -0.14015991338745282, -0.3249681221785741, -0.06623897650427342, -0.19498780289512993]
  RIGHT: target=[0.8, 0.0, 0.0, 0.0, 0.0, 0.0]  feature=[-0.9203146664741413, -0.6063583690719521, -0.03310933172983917, 0.2631448371153513, -0.2140541947022139, 0.004932234132208788]

POSE: forearm_supinated
  LEFT: target=[0.0, 0.2, 0.6, -0.8, 0.0, 0.0]  feature=[0.44320696230891465, -0.40043850854115914, -0.3018186664114211, -0.2835202662655877, -0.3400030251041126, -0.22776933196534968]
  RIGHT: target=[0.0, 0.2, 0.6, 0.8, 0.0, 0.0]  feature=[-0.3880883718577982, -0.4055789156713523, -0.2646462192761239, -0.05236823296825457, -0.47794455336410446, 0.06000781762050615]

POSE: forearm_pronated
  LEFT: target=[0.0, 0.2, 0.6, 0.8, 0.0, 0.0]  feature=[0.46918599328617844, -0.4238896968277614, -0.31803410545516037, -0.3163688702787304, -0.3228934263103056, -0.15689244230595986]
  RIGHT: target=[0.0, 0.2, 0.6, -0.8, 0.0, 0.0]  feature=[-0.4197479903916891, -0.4441535859094087, -0.2786351256724271, 0.027045294905533302, -0.48443029843893015, -0.03438636743421834]
